S_b = 20e3;
U_b = 400.0;
F_b = 50.0;
Omega_b = 2*pi*50;

R_1 = 1.0;
L_1 = 10e-3;

R_2 = 1.0;
L_2 = 1e-3;

